105.14355797985593
82.13987799870142
82.13987799870142
82.13987799870142
82.13987799870142
4.353962346121567
4.353962346121567
13.613905531710282
10.635407065783044
10.635407065783044
0.5637476342590466
0.5637476342590466
0.5637476342590466
0.5637476342590466
0.5637476342590466
0.5637476342590466
0.5637476342590466
0.5637476342590466
0.5637476342590466
0.5637476342590466
0.5637476342590466
0.5637476342590466
0.5637476342590466
0.5637476342590466
0.5637476342590466
0.5637476342590466
566.2779200843607
566.2779200843607
30.016513313135473
30.016513313135473
23.44939422688845
23.44939422688845
23.44939422688845
23.44939422688845
23.44939422688845
23.44939422688845
23.44939422688845
1.2429745696097438
1.2429745696097438
1.2429745696097438
1.2429745696097438
1.2429745696097438
1.2429745696097438
1.2429745696097438
1.2429745696097438
1.2429745696097438
1.2429745696097438
1.2429745696097438
1.2429745696097438
1.2429745696097438
1.2429745696097438
1.2429745696097438
1.2429745696097438
1.2429745696097438
1.2429745696097438
1.2429745696097438
1.2429745696097438
1.2429745696097438
1.2429745696097438
73.32122154548792
73.32122154548792
3.8865146328283893
3.8865146328283893
3.036209197351429
3.036209197351429
3.036209197351429
3.036209197351429
3.036209197351429
3.036209197351429
3.036209197351429
3.036209197351429
3.036209197351429
3.036209197351429
0.16093937369160813
0.16093937369160813
0.16093937369160813
0.16093937369160813
0.16093937369160813
0.16093937369160813
0.16093937369160813
0.16093937369160813
0.16093937369160813
0.16093937369160813
0.16093937369160813
0.16093937369160813
0.16093937369160813
0.16093937369160813
0.16093937369160813
0.16093937369160813
0.16093937369160813
0.16093937369160813
0.16093937369160813
0.16093937369160813
0.16093937369160813
0.16093937369160813
0.16093937369160813
0.16093937369160813
0.16093937369160813
0.16093937369160813
0.16093937369160813
0.16093937369160813
0.16093937369160813
0.16093937369160813
0.16093937369160813
0.16093937369160813
0.16093937369160813
0.16093937369160813
0.16093937369160813
0.16093937369160813
0.16093937369160813
0.16093937369160813
0.16093937369160813
0.16093937369160813
0.16093937369160813
0.16093937369160813
0.16093937369160813
0.16093937369160813
0.16093937369160813
0.16093937369160813
0.16093937369160813
0.16093937369160813
0.16093937369160813
0.16093937369160813
0.16093937369160813
0.16093937369160813
0.16093937369160813
0.16093937369160813
0.16093937369160813
0.16093937369160813
0.16093937369160813
0.16093937369160813
0.16093937369160813
0.16093937369160813
0.16093937369160813
0.16093937369160813
0.16093937369160813
0.16093937369160813
0.16093937369160813
0.16093937369160813
0.16093937369160813
0.16093937369160813
0.16093937369160813
0.16093937369160813
0.16093937369160813
0.16093937369160813
0.16093937369160813
0.16093937369160813
0.16093937369160813
0.16093937369160813
0.16093937369160813
0.16093937369160813
0.16093937369160813
0.16093937369160813
0.16093937369160813
0.16093937369160813
0.16093937369160813
0.16093937369160813
0.16093937369160813
0.16093937369160813
0.16093937369160813
0.16093937369160813
0.16093937369160813
0.16093937369160813
0.16093937369160813
0.16093937369160813
0.16093937369160813
0.16093937369160813
0.16093937369160813
0.16093937369160813
0.16093937369160813
0.16093937369160813
0.16093937369160813
0.16093937369160813
0.16093937369160813
0.16093937369160813
0.16093937369160813
0.16093937369160813
0.16093937369160813
0.16093937369160813
0.16093937369160813
0.16093937369160813
0.16093937369160813
0.16093937369160813
53.174512525155926
2.2019401830804948
2.2019401830804948
2.2019401830804948
5.378670810606969
5.378670810606969
0.2851054901972966
0.2851054901972966
0.2851054901972966
0.2851054901972966
0.2851054901972966
0.2851054901972966
0.2851054901972966
0.2851054901972966
0.2851054901972966
0.2851054901972966
0.2851054901972966
0.2851054901972966
0.2851054901972966
0.2851054901972966
0.2851054901972966
0.2851054901972966
0.2851054901972966
0.2851054901972966
0.2851054901972966
0.2851054901972966
0.2851054901972966
0.2851054901972966
0.2851054901972966
0.2851054901972966
0.2851054901972966
0.2851054901972966
15.18032577361159
11.859120339677776
11.859120339677776
11.859120339677776
0.6286126139351917
0.6286126139351917
0.6286126139351917
0.6286126139351917
0.6286126139351917
0.6286126139351917
0.6286126139351917
0.6286126139351917
0.6286126139351917
0.6286126139351917
0.6286126139351917
0.6286126139351917
0.6286126139351917
0.6286126139351917
0.6286126139351917
0.6286126139351917
0.6286126139351917
0.6286126139351917
0.6286126139351917
0.6286126139351917
1.9655366909129033
1.9655366909129033
1.9655366909129033
1.9655366909129033
1.9655366909129033
1.9655366909129033
1.9655366909129033
1.9655366909129033
1.9655366909129033
1.9655366909129033
1.5355096127191037
1.5355096127191037
1.5355096127191037
1.5355096127191037
1.5355096127191037
1.5355096127191037
0.08139226888055984
0.08139226888055984
0.08139226888055984
0.08139226888055984
0.08139226888055984
0.08139226888055984
0.08139226888055984
0.08139226888055984
0.08139226888055984
0.08139226888055984
0.08139226888055984
0.08139226888055984
0.08139226888055984
0.08139226888055984
0.08139226888055984
0.08139226888055984
0.08139226888055984
0.08139226888055984
0.08139226888055984
0.08139226888055984
0.08139226888055984
0.08139226888055984
0.08139226888055984
0.08139226888055984
0.08139226888055984
0.08139226888055984
0.08139226888055984
0.08139226888055984
0.08139226888055984
0.08139226888055984
0.08139226888055984
0.08139226888055984
0.08139226888055984
0.08139226888055984
0.08139226888055984
0.08139226888055984
0.08139226888055984
0.08139226888055984
0.08139226888055984
0.08139226888055984
0.08139226888055984
0.08139226888055984
0.08139226888055984
0.08139226888055984
0.08139226888055984
0.08139226888055984
0.08139226888055984
0.08139226888055984
0.08139226888055984
0.08139226888055984
0.08139226888055984
0.08139226888055984
0.08139226888055984
0.08139226888055984
0.08139226888055984
0.08139226888055984
0.08139226888055984
0.08139226888055984
0.08139226888055984
0.08139226888055984
0.08139226888055984
0.08139226888055984
0.08139226888055984
0.08139226888055984
0.08139226888055984
0.08139226888055984
0.08139226888055984
0.08139226888055984
0.08139226888055984
0.08139226888055984
0.08139226888055984
0.08139226888055984
0.08139226888055984
0.08139226888055984
0.08139226888055984
0.08139226888055984
0.08139226888055984
0.08139226888055984
0.08139226888055984
0.08139226888055984
0.08139226888055984
0.08139226888055984
0.08139226888055984
0.08139226888055984
0.08139226888055984
0.08139226888055984
0.08139226888055984
0.08139226888055984
0.08139226888055984
0.08139226888055984
0.08139226888055984
0.08139226888055984
0.08139226888055984
0.08139226888055984
0.08139226888055984
0.08139226888055984
0.08139226888055984
0.08139226888055984
0.08139226888055984
0.08139226888055984
0.08139226888055984
0.08139226888055984
0.08139226888055984
0.08139226888055984
0.08139226888055984
0.08139226888055984
0.08139226888055984
0.08139226888055984
0.08139226888055984
0.08139226888055984
0.08139226888055984
0.08139226888055984
0.08139226888055984
0.08139226888055984
0.08139226888055984
0.08139226888055984
0.08139226888055984
0.08139226888055984
0.08139226888055984
0.08139226888055984
0.08139226888055984
0.08139226888055984
0.08139226888055984
0.08139226888055984
0.08139226888055984
0.08139226888055984
0.08139226888055984
0.08139226888055984
0.08139226888055984
0.08139226888055984
0.08139226888055984
0.08139226888055984
0.08139226888055984
0.08139226888055984
0.08139226888055984
0.08139226888055984
0.08139226888055984
0.08139226888055984
0.08139226888055984
0.08139226888055984
0.08139226888055984
0.08139226888055984
0.08139226888055984
0.08139226888055984
0.08139226888055984
0.08139226888055984
0.08139226888055984
0.08139226888055984
0.08139226888055984
0.08139226888055984
0.08139226888055984
0.08139226888055984
0.08139226888055984
0.08139226888055984
0.08139226888055984
0.08139226888055984
0.08139226888055984
0.08139226888055984
0.08139226888055984
0.08139226888055984
0.08139226888055984
0.08139226888055984
0.08139226888055984
0.08139226888055984
0.08139226888055984
0.08139226888055984
0.08139226888055984
0.08139226888055984
0.08139226888055984
0.08139226888055984
0.08139226888055984
0.08139226888055984
0.08139226888055984
0.08139226888055984
0.08139226888055984
0.08139226888055984
0.08139226888055984
0.08139226888055984
0.08139226888055984
0.08139226888055984
0.08139226888055984
0.08139226888055984
0.08139226888055984
0.08139226888055984
0.08139226888055984
0.08139226888055984
0.08139226888055984
0.08139226888055984
0.08139226888055984
0.08139226888055984
0.08139226888055984
0.08139226888055984
0.08139226888055984
0.08139226888055984
0.08139226888055984
0.08139226888055984
0.08139226888055984
0.08139226888055984
0.08139226888055984
0.08139226888055984
0.08139226888055984
0.08139226888055984
0.08139226888055984
0.08139226888055984
0.08139226888055984
0.08139226888055984
0.08139226888055984
0.08139226888055984
0.08139226888055984
0.08139226888055984
0.08139226888055984
0.08139226888055984
0.08139226888055984
0.08139226888055984
0.08139226888055984
0.08139226888055984
0.08139226888055984
0.08139226888055984
0.08139226888055984
0.08139226888055984
0.08139226888055984
0.08139226888055984
0.08139226888055984
0.08139226888055984
0.08139226888055984
0.08139226888055984
0.08139226888055984
0.08139226888055984
0.08139226888055984
0.08139226888055984
0.08139226888055984
0.08139226888055984
0.08139226888055984
0.08139226888055984
0.08139226888055984
0.08139226888055984
0.08139226888055984
0.08139226888055984
0.08139226888055984
0.08139226888055984
0.08139226888055984
0.08139226888055984
0.08139226888055984
0.08139226888055984
0.08139226888055984
0.08139226888055984
0.08139226888055984
0.08139226888055984
0.08139226888055984
0.08139226888055984
0.08139226888055984
0.08139226888055984
0.08139226888055984
0.08139226888055984
0.08139226888055984
0.08139226888055984
0.08139226888055984
0.08139226888055984
0.08139226888055984
0.08139226888055984
0.08139226888055984
0.08139226888055984
0.08139226888055984
0.08139226888055984
0.08139226888055984
0.08139226888055984
0.08139226888055984
0.08139226888055984
0.08139226888055984
0.08139226888055984
0.08139226888055984
0.08139226888055984
0.08139226888055984
0.08139226888055984
0.08139226888055984
0.08139226888055984
0.08139226888055984
0.08139226888055984
0.08139226888055984
0.08139226888055984
0.08139226888055984
0.08139226888055984
0.08139226888055984
0.08139226888055984
0.08139226888055984
0.08139226888055984
0.08139226888055984
0.08139226888055984
0.08139226888055984
0.08139226888055984
0.08139226888055984
0.08139226888055984
0.08139226888055984
0.08139226888055984
0.08139226888055984
0.08139226888055984
0.08139226888055984
0.08139226888055984
0.08139226888055984
0.08139226888055984
0.08139226888055984
0.08139226888055984
0.08139226888055984
0.08139226888055984
0.08139226888055984
0.08139226888055984
0.08139226888055984
0.08139226888055984
0.08139226888055984
0.08139226888055984
0.08139226888055984
0.08139226888055984
0.08139226888055984
0.08139226888055984
0.08139226888055984
0.08139226888055984
0.08139226888055984
0.08139226888055984
0.08139226888055984
0.08139226888055984
0.08139226888055984
0.08139226888055984
0.08139226888055984
0.08139226888055984
0.08139226888055984
0.08139226888055984
0.08139226888055984
0.08139226888055984
0.08139226888055984
0.08139226888055984
0.08139226888055984
0.08139226888055984
0.08139226888055984
0.08139226888055984
0.08139226888055984
0.08139226888055984
0.08139226888055984
0.08139226888055984
0.08139226888055984
0.08139226888055984
0.08139226888055984
0.08139226888055984
0.08139226888055984
0.08139226888055984
0.08139226888055984
0.08139226888055984
0.08139226888055984
0.08139226888055984
0.08139226888055984
0.08139226888055984
0.08139226888055984
0.08139226888055984
0.08139226888055984
0.08139226888055984
0.08139226888055984
0.08139226888055984
0.08139226888055984
0.08139226888055984
0.08139226888055984
0.08139226888055984
0.08139226888055984
0.08139226888055984
0.08139226888055984
0.08139226888055984
0.08139226888055984
0.08139226888055984
0.08139226888055984
0.08139226888055984
0.08139226888055984
0.08139226888055984
0.08139226888055984
0.08139226888055984
0.08139226888055984
0.08139226888055984
0.08139226888055984
0.08139226888055984
0.08139226888055984
0.08139226888055984
0.08139226888055984
0.08139226888055984
0.08139226888055984
0.08139226888055984
0.08139226888055984
0.08139226888055984
0.08139226888055984
0.08139226888055984
0.08139226888055984
0.08139226888055984
0.08139226888055984
0.08139226888055984
0.08139226888055984
0.08139226888055984
0.08139226888055984
0.08139226888055984
0.08139226888055984
0.08139226888055984
0.08139226888055984
0.08139226888055984
0.08139226888055984
0.08139226888055984
0.08139226888055984
0.08139226888055984
0.08139226888055984
0.08139226888055984
0.08139226888055984
0.08139226888055984
0.08139226888055984
0.08139226888055984
0.08139226888055984
0.08139226888055984
0.08139226888055984
0.08139226888055984
0.08139226888055984
0.08139226888055984
0.08139226888055984
0.08139226888055984
0.08139226888055984
0.08139226888055984
0.08139226888055984
0.08139226888055984
0.08139226888055984
0.08139226888055984
0.08139226888055984
0.08139226888055984
0.08139226888055984
0.08139226888055984
0.08139226888055984
0.08139226888055984
0.08139226888055984
0.08139226888055984
0.08139226888055984
0.08139226888055984
0.08139226888055984
0.08139226888055984
0.08139226888055984
0.08139226888055984
0.08139226888055984
0.08139226888055984
0.08139226888055984
0.08139226888055984
0.08139226888055984
0.08139226888055984
0.08139226888055984
0.08139226888055984
0.08139226888055984
0.08139226888055984
0.08139226888055984
0.08139226888055984
0.08139226888055984
0.08139226888055984
0.08139226888055984
0.08139226888055984
0.08139226888055984
0.08139226888055984
0.08139226888055984
0.08139226888055984
0.08139226888055984
0.08139226888055984
0.08139226888055984
0.08139226888055984
0.08139226888055984
0.08139226888055984
0.08139226888055984
0.08139226888055984
0.08139226888055984
0.08139226888055984
0.08139226888055984
0.08139226888055984
0.08139226888055984
0.08139226888055984
0.08139226888055984
0.08139226888055984
0.08139226888055984
0.08139226888055984
0.08139226888055984
0.08139226888055984
0.08139226888055984
0.08139226888055984
0.08139226888055984
0.08139226888055984
0.08139226888055984
0.08139226888055984
0.08139226888055984
0.08139226888055984
0.08139226888055984
0.08139226888055984
0.08139226888055984
0.08139226888055984
0.08139226888055984
0.08139226888055984
0.08139226888055984
0.08139226888055984
0.08139226888055984
0.08139226888055984
0.08139226888055984
0.08139226888055984
0.08139226888055984
0.08139226888055984
0.08139226888055984
0.08139226888055984
0.08139226888055984
0.08139226888055984
0.08139226888055984
0.08139226888055984
0.08139226888055984
0.08139226888055984
0.08139226888055984
0.08139226888055984
0.08139226888055984
0.08139226888055984
0.08139226888055984
0.08139226888055984
0.08139226888055984
0.08139226888055984
0.08139226888055984
0.08139226888055984
0.08139226888055984
0.08139226888055984
0.08139226888055984
0.08139226888055984
0.08139226888055984
0.08139226888055984
0.08139226888055984
0.08139226888055984
0.08139226888055984
0.08139226888055984
0.08139226888055984
0.08139226888055984
0.08139226888055984
0.08139226888055984
0.08139226888055984
0.08139226888055984
0.08139226888055984
0.08139226888055984
0.08139226888055984
0.08139226888055984
0.08139226888055984
0.08139226888055984
0.08139226888055984
0.08139226888055984
0.08139226888055984
0.08139226888055984
0.08139226888055984
0.08139226888055984
0.08139226888055984
0.08139226888055984
0.08139226888055984
0.08139226888055984
0.08139226888055984
0.08139226888055984
0.08139226888055984
0.08139226888055984
0.08139226888055984
0.08139226888055984
0.08139226888055984
0.08139226888055984
0.08139226888055984
0.08139226888055984
0.08139226888055984
0.08139226888055984
0.08139226888055984
0.08139226888055984
0.08139226888055984
0.08139226888055984
0.08139226888055984
0.08139226888055984
0.08139226888055984
0.08139226888055984
0.08139226888055984
0.08139226888055984
0.08139226888055984
0.08139226888055984
0.08139226888055984
0.08139226888055984
0.08139226888055984
0.08139226888055984
0.08139226888055984
0.08139226888055984
0.08139226888055984
0.08139226888055984
0.08139226888055984
0.08139226888055984
0.08139226888055984
0.08139226888055984
0.08139226888055984
0.08139226888055984
0.08139226888055984
0.08139226888055984
0.08139226888055984
0.08139226888055984
0.08139226888055984
0.08139226888055984
0.08139226888055984
0.08139226888055984
0.08139226888055984
0.08139226888055984
0.08139226888055984
0.08139226888055984
0.08139226888055984
0.08139226888055984
0.08139226888055984
0.08139226888055984
0.08139226888055984
0.08139226888055984
0.08139226888055984
0.08139226888055984
0.08139226888055984
0.08139226888055984
0.08139226888055984
0.08139226888055984
0.08139226888055984
0.08139226888055984
0.08139226888055984
0.08139226888055984
0.08139226888055984
0.08139226888055984
0.08139226888055984
0.08139226888055984
0.08139226888055984
0.08139226888055984
0.08139226888055984
0.08139226888055984
0.08139226888055984
0.08139226888055984
0.08139226888055984
0.08139226888055984
0.08139226888055984
0.08139226888055984
0.08139226888055984
0.08139226888055984
0.08139226888055984
0.08139226888055984
0.08139226888055984
0.08139226888055984
0.08139226888055984
0.08139226888055984
0.08139226888055984
0.08139226888055984
0.08139226888055984
0.08139226888055984
0.08139226888055984
0.08139226888055984
0.08139226888055984
0.08139226888055984
0.08139226888055984
0.08139226888055984
0.08139226888055984
0.08139226888055984
0.08139226888055984
0.08139226888055984
0.08139226888055984
0.08139226888055984
0.08139226888055984
0.08139226888055984
0.08139226888055984
0.08139226888055984
0.08139226888055984
0.08139226888055984
0.08139226888055984
0.08139226888055984
0.08139226888055984
0.08139226888055984
0.08139226888055984
0.08139226888055984
0.08139226888055984
0.08139226888055984
0.08139226888055984
0.08139226888055984
0.08139226888055984
0.08139226888055984
0.08139226888055984
0.08139226888055984
0.08139226888055984
0.08139226888055984
0.08139226888055984
0.08139226888055984
0.08139226888055984
0.08139226888055984
0.08139226888055984
0.08139226888055984
0.08139226888055984
0.08139226888055984
0.08139226888055984
0.08139226888055984
0.08139226888055984
0.08139226888055984
0.08139226888055984
0.08139226888055984
0.08139226888055984
0.08139226888055984
0.08139226888055984
0.08139226888055984
0.08139226888055984
0.08139226888055984
0.08139226888055984
0.08139226888055984
0.08139226888055984
0.08139226888055984
0.08139226888055984
0.08139226888055984
0.08139226888055984
0.08139226888055984
0.08139226888055984
0.08139226888055984
0.08139226888055984
0.08139226888055984
0.08139226888055984
0.08139226888055984
0.08139226888055984
0.08139226888055984
0.08139226888055984
0.08139226888055984
0.08139226888055984
0.08139226888055984
0.08139226888055984
0.08139226888055984
0.08139226888055984
0.08139226888055984
0.08139226888055984
0.08139226888055984
0.08139226888055984
0.08139226888055984
0.08139226888055984
0.08139226888055984
0.08139226888055984
0.08139226888055984
0.08139226888055984
0.08139226888055984
0.08139226888055984
0.08139226888055984
0.08139226888055984
0.08139226888055984
0.08139226888055984
0.08139226888055984
0.08139226888055984
0.08139226888055984
0.08139226888055984
0.08139226888055984
0.08139226888055984
0.08139226888055984
0.08139226888055984
0.08139226888055984
0.08139226888055984
0.08139226888055984
0.08139226888055984
0.08139226888055984
0.08139226888055984
0.08139226888055984
0.08139226888055984
0.08139226888055984
0.08139226888055984
0.08139226888055984
0.08139226888055984
0.08139226888055984
0.08139226888055984
0.08139226888055984
0.08139226888055984
0.08139226888055984
0.08139226888055984
0.08139226888055984
0.08139226888055984
0.08139226888055984
0.08139226888055984
0.08139226888055984
0.08139226888055984
0.08139226888055984
0.08139226888055984
0.08139226888055984
0.08139226888055984
0.08139226888055984
0.08139226888055984
0.08139226888055984
0.08139226888055984
0.08139226888055984
0.08139226888055984
0.08139226888055984
0.08139226888055984
0.08139226888055984
0.08139226888055984
0.08139226888055984
0.08139226888055984
0.08139226888055984
0.08139226888055984
0.08139226888055984
0.08139226888055984
0.08139226888055984
0.08139226888055984
0.08139226888055984
0.08139226888055984
0.08139226888055984
0.08139226888055984
0.08139226888055984
0.08139226888055984
0.08139226888055984
0.08139226888055984
0.08139226888055984
0.08139226888055984
0.08139226888055984
0.08139226888055984
0.08139226888055984
0.08139226888055984
0.08139226888055984
0.08139226888055984
0.08139226888055984
0.08139226888055984
0.08139226888055984
0.08139226888055984
0.08139226888055984
0.08139226888055984
0.08139226888055984
0.08139226888055984
0.08139226888055984
0.08139226888055984
0.08139226888055984
0.08139226888055984
0.08139226888055984
0.08139226888055984
0.08139226888055984
0.08139226888055984
0.08139226888055984
0.08139226888055984
0.08139226888055984
0.08139226888055984
0.08139226888055984
0.08139226888055984
0.08139226888055984
0.08139226888055984
0.08139226888055984
0.08139226888055984
0.08139226888055984
0.08139226888055984
0.08139226888055984
0.08139226888055984
89.65218742604819
89.65218742604819
70.03776435740512
3.712469463656837
3.712469463656837
3.712469463656837
3.712469463656837
3.712469463656837
3.712469463656837
11.608095006288819
11.608095006288819
9.068434870699107
9.068434870699107
9.068434870699107
0.48068763829797656
0.48068763829797656
0.48068763829797656
0.48068763829797656
0.48068763829797656
0.48068763829797656
0.48068763829797656
0.48068763829797656
0.48068763829797656
0.48068763829797656
0.48068763829797656
0.48068763829797656
0.48068763829797656
0.48068763829797656
0.48068763829797656
0.48068763829797656
0.48068763829797656
0.48068763829797656
0.48068763829797656
0.48068763829797656
0.48068763829797656
0.48068763829797656
0.48068763829797656
0.48068763829797656
0.48068763829797656
0.48068763829797656
0.48068763829797656
0.48068763829797656
0.48068763829797656
0.48068763829797656
0.48068763829797656
0.48068763829797656
0.48068763829797656
0.48068763829797656
0.48068763829797656
0.48068763829797656
0.48068763829797656
0.48068763829797656
0.48068763829797656
0.48068763829797656
0.48068763829797656
0.48068763829797656
0.48068763829797656
0.48068763829797656
0.48068763829797656
0.48068763829797656
0.48068763829797656
0.48068763829797656
0.48068763829797656
0.48068763829797656
0.48068763829797656
0.48068763829797656
0.48068763829797656
25.594017637687887
19.994467817601016
19.994467817601016
1.0598403860540258
1.0598403860540258
1.0598403860540258
1.0598403860540258
1.0598403860540258
1.0598403860540258
1.0598403860540258
1.0598403860540258
1.0598403860540258
1.0598403860540258
1.0598403860540258
1.0598403860540258
1.0598403860540258
1.0598403860540258
1.0598403860540258
1.0598403860540258
1.0598403860540258
1.0598403860540258
1.0598403860540258
3.313893356768134
3.313893356768134
3.313893356768134
3.313893356768134
3.313893356768134
3.313893356768134
3.313893356768134
2.5888680320081234
2.5888680320081234
2.5888680320081234
2.5888680320081234
2.5888680320081234
2.5888680320081234
2.5888680320081234
2.5888680320081234
2.5888680320081234
2.5888680320081234
0.13722730304784986
0.13722730304784986
0.13722730304784986
0.13722730304784986
0.13722730304784986
0.13722730304784986
0.13722730304784986
0.13722730304784986
0.13722730304784986
0.13722730304784986
0.13722730304784986
0.13722730304784986
0.13722730304784986
0.13722730304784986
0.13722730304784986
0.13722730304784986
0.13722730304784986
0.13722730304784986
0.13722730304784986
0.13722730304784986
0.13722730304784986
0.13722730304784986
0.13722730304784986
0.13722730304784986
0.13722730304784986
0.13722730304784986
0.13722730304784986
0.13722730304784986
0.13722730304784986
0.13722730304784986
0.13722730304784986
0.13722730304784986
0.13722730304784986
0.13722730304784986
0.13722730304784986
0.13722730304784986
0.13722730304784986
0.13722730304784986
0.13722730304784986
0.13722730304784986
0.13722730304784986
0.13722730304784986
0.13722730304784986
0.13722730304784986
0.13722730304784986
0.13722730304784986
0.13722730304784986
0.13722730304784986
0.13722730304784986
0.13722730304784986
0.13722730304784986
0.13722730304784986
0.13722730304784986
0.13722730304784986
0.13722730304784986
0.13722730304784986
0.13722730304784986
0.13722730304784986
0.13722730304784986
0.13722730304784986
0.13722730304784986
0.13722730304784986
0.13722730304784986
0.13722730304784986
0.13722730304784986
0.13722730304784986
0.13722730304784986
0.13722730304784986
0.13722730304784986
0.13722730304784986
0.13722730304784986
0.13722730304784986
0.13722730304784986
0.13722730304784986
0.13722730304784986
0.13722730304784986
0.13722730304784986
0.13722730304784986
0.13722730304784986
0.13722730304784986
0.13722730304784986
0.13722730304784986
0.13722730304784986
0.13722730304784986
0.13722730304784986
0.13722730304784986
0.13722730304784986
0.13722730304784986
0.13722730304784986
0.13722730304784986
0.13722730304784986
0.13722730304784986
0.13722730304784986
0.13722730304784986
0.13722730304784986
0.13722730304784986
0.13722730304784986
0.13722730304784986
0.13722730304784986
0.13722730304784986
0.13722730304784986
0.13722730304784986
0.13722730304784986
0.13722730304784986
0.13722730304784986
0.13722730304784986
0.13722730304784986
0.13722730304784986
0.13722730304784986
0.13722730304784986
0.13722730304784986
0.13722730304784986
0.13722730304784986
0.13722730304784986
0.13722730304784986
0.13722730304784986
0.13722730304784986
0.13722730304784986
0.13722730304784986
0.13722730304784986
0.13722730304784986
0.13722730304784986
0.13722730304784986
0.13722730304784986
0.13722730304784986
0.13722730304784986
0.13722730304784986
0.13722730304784986
0.13722730304784986
0.13722730304784986
0.13722730304784986
0.13722730304784986
0.13722730304784986
0.13722730304784986
0.13722730304784986
0.13722730304784986
0.13722730304784986
0.13722730304784986
0.13722730304784986
0.13722730304784986
0.13722730304784986
0.13722730304784986
0.13722730304784986
0.13722730304784986
0.13722730304784986
0.13722730304784986
0.13722730304784986
0.13722730304784986
0.13722730304784986
0.13722730304784986
0.13722730304784986
0.13722730304784986
0.13722730304784986
0.13722730304784986
0.13722730304784986
0.13722730304784986
0.13722730304784986
0.13722730304784986
0.13722730304784986
0.13722730304784986
0.13722730304784986
0.13722730304784986
0.13722730304784986
0.13722730304784986
0.13722730304784986
0.13722730304784986
0.13722730304784986
0.13722730304784986
0.13722730304784986
0.13722730304784986
0.13722730304784986
0.13722730304784986
0.13722730304784986
0.13722730304784986
0.13722730304784986
0.13722730304784986
0.13722730304784986
0.13722730304784986
0.13722730304784986
0.13722730304784986
0.13722730304784986
0.13722730304784986
0.13722730304784986
0.13722730304784986
0.13722730304784986
0.13722730304784986
0.13722730304784986
0.13722730304784986
0.13722730304784986
0.13722730304784986
0.13722730304784986
0.13722730304784986
0.13722730304784986
0.13722730304784986
0.13722730304784986
0.13722730304784986
0.13722730304784986
0.13722730304784986
0.13722730304784986
0.13722730304784986
0.13722730304784986
0.13722730304784986
0.13722730304784986
0.13722730304784986
0.13722730304784986
0.13722730304784986
0.13722730304784986
0.13722730304784986
0.13722730304784986
0.13722730304784986
0.13722730304784986
0.13722730304784986
0.13722730304784986
0.13722730304784986
0.13722730304784986
0.13722730304784986
0.13722730304784986
0.13722730304784986
0.13722730304784986
0.13722730304784986
0.13722730304784986
0.13722730304784986
0.13722730304784986
0.13722730304784986
0.13722730304784986
0.13722730304784986
0.13722730304784986
0.13722730304784986
0.13722730304784986
0.13722730304784986
0.13722730304784986
0.13722730304784986
0.13722730304784986
0.13722730304784986
0.13722730304784986
0.13722730304784986
0.13722730304784986
0.13722730304784986
0.13722730304784986
0.13722730304784986
0.13722730304784986
0.13722730304784986
0.13722730304784986
0.13722730304784986
0.13722730304784986
0.13722730304784986
0.13722730304784986
0.13722730304784986
0.13722730304784986
0.13722730304784986
0.13722730304784986
0.13722730304784986
0.13722730304784986
0.13722730304784986
0.13722730304784986
0.13722730304784986
0.13722730304784986
0.13722730304784986
0.13722730304784986
0.13722730304784986
0.13722730304784986
0.13722730304784986
0.13722730304784986
0.13722730304784986
0.13722730304784986
0.13722730304784986
0.13722730304784986
0.13722730304784986
0.13722730304784986
0.13722730304784986
0.13722730304784986
0.13722730304784986
0.13722730304784986
0.13722730304784986
0.13722730304784986
0.13722730304784986
0.13722730304784986
0.13722730304784986
0.13722730304784986
0.13722730304784986
0.13722730304784986
0.13722730304784986
0.13722730304784986
0.13722730304784986
0.13722730304784986
0.13722730304784986
0.13722730304784986
0.13722730304784986
0.13722730304784986
0.13722730304784986
0.13722730304784986
0.13722730304784986
0.13722730304784986
0.13722730304784986
0.13722730304784986
0.13722730304784986
0.13722730304784986
0.13722730304784986
0.13722730304784986
0.13722730304784986
0.13722730304784986
0.13722730304784986
0.13722730304784986
0.13722730304784986
0.13722730304784986
0.13722730304784986
0.13722730304784986
0.13722730304784986
0.13722730304784986
0.13722730304784986
0.13722730304784986
0.13722730304784986
0.13722730304784986
0.13722730304784986
0.13722730304784986
0.13722730304784986
0.13722730304784986
0.13722730304784986
0.13722730304784986
0.13722730304784986
0.13722730304784986
0.13722730304784986
0.13722730304784986
0.13722730304784986
0.13722730304784986
0.13722730304784986
0.13722730304784986
0.13722730304784986
0.13722730304784986
0.13722730304784986
0.13722730304784986
0.13722730304784986
0.13722730304784986
0.13722730304784986
0.13722730304784986
0.13722730304784986
0.13722730304784986
0.13722730304784986
0.13722730304784986
0.13722730304784986
0.13722730304784986
0.13722730304784986
0.13722730304784986
0.13722730304784986
0.13722730304784986
0.13722730304784986
0.13722730304784986
0.13722730304784986
0.13722730304784986
0.13722730304784986
0.13722730304784986
0.13722730304784986
0.13722730304784986
0.13722730304784986
0.13722730304784986
0.13722730304784986
0.13722730304784986
0.13722730304784986
0.13722730304784986
0.13722730304784986
0.13722730304784986
0.13722730304784986
0.13722730304784986
0.13722730304784986
0.13722730304784986
0.13722730304784986
0.13722730304784986
0.13722730304784986
0.13722730304784986
0.13722730304784986
0.13722730304784986
0.13722730304784986
0.13722730304784986
0.13722730304784986
0.13722730304784986
0.13722730304784986
0.13722730304784986
0.13722730304784986
0.13722730304784986
0.13722730304784986
0.13722730304784986
0.13722730304784986
0.13722730304784986
0.13722730304784986
0.13722730304784986
0.13722730304784986
0.13722730304784986
0.13722730304784986
0.13722730304784986
0.13722730304784986
0.13722730304784986
0.13722730304784986
0.13722730304784986
0.13722730304784986
0.13722730304784986
0.13722730304784986
0.13722730304784986
0.13722730304784986
0.13722730304784986
0.13722730304784986
0.13722730304784986
0.13722730304784986
0.13722730304784986
0.13722730304784986
0.13722730304784986
0.13722730304784986
0.13722730304784986
0.13722730304784986
0.13722730304784986
0.13722730304784986
0.13722730304784986
0.13722730304784986
0.13722730304784986
0.13722730304784986
0.13722730304784986
0.13722730304784986
0.13722730304784986
0.13722730304784986
0.13722730304784986
0.13722730304784986
0.13722730304784986
0.13722730304784986
0.13722730304784986
0.13722730304784986
0.13722730304784986
0.13722730304784986
0.13722730304784986
0.13722730304784986
0.13722730304784986
0.13722730304784986
0.13722730304784986
0.13722730304784986
0.13722730304784986
0.13722730304784986
0.13722730304784986
0.13722730304784986
0.13722730304784986
0.13722730304784986
0.13722730304784986
0.13722730304784986
0.13722730304784986
0.13722730304784986
0.13722730304784986
0.13722730304784986
0.13722730304784986
0.13722730304784986
0.13722730304784986
0.13722730304784986
0.13722730304784986
0.13722730304784986
0.13722730304784986
0.13722730304784986
0.13722730304784986
0.13722730304784986
0.13722730304784986
0.13722730304784986
0.13722730304784986
0.13722730304784986
0.13722730304784986
0.13722730304784986
0.13722730304784986
0.13722730304784986
0.13722730304784986
0.13722730304784986
0.13722730304784986
0.13722730304784986
0.13722730304784986
0.13722730304784986
0.13722730304784986
0.13722730304784986
0.13722730304784986
0.13722730304784986
0.13722730304784986
0.13722730304784986
0.13722730304784986
0.13722730304784986
0.13722730304784986
0.13722730304784986
0.13722730304784986
0.13722730304784986
0.13722730304784986
0.13722730304784986
0.13722730304784986
0.13722730304784986
0.13722730304784986
0.13722730304784986
0.13722730304784986
0.13722730304784986
0.13722730304784986
0.13722730304784986
0.13722730304784986
0.13722730304784986
0.13722730304784986
0.13722730304784986
0.13722730304784986
0.13722730304784986
0.13722730304784986
0.13722730304784986
0.13722730304784986
0.13722730304784986
0.13722730304784986
0.13722730304784986
0.13722730304784986
0.13722730304784986
0.13722730304784986
35.420372390006705
1.8775163955579686
1.8775163955579686
1.8775163955579686
1.8775163955579686
1.8775163955579686
1.8775163955579686
1.8775163955579686
1.8775163955579686
1.8775163955579686
1.8775163955579686
1.8775163955579686
1.8775163955579686
1.8775163955579686
1.8775163955579686
110.75190028804317
5.870590696801057
5.870590696801057
5.870590696801057
4.586202073435019
4.586202073435019
4.586202073435019
0.24309935229945695
0.24309935229945695
0.24309935229945695
0.24309935229945695
0.24309935229945695
0.24309935229945695
0.24309935229945695
0.24309935229945695
0.24309935229945695
0.24309935229945695
0.24309935229945695
0.24309935229945695
0.24309935229945695
0.24309935229945695
0.24309935229945695
0.24309935229945695
0.24309935229945695
0.24309935229945695
0.24309935229945695
0.24309935229945695
0.24309935229945695
0.24309935229945695
0.24309935229945695
0.24309935229945695
0.24309935229945695
0.24309935229945695
0.24309935229945695
0.24309935229945695
0.24309935229945695
0.24309935229945695
0.24309935229945695
0.24309935229945695
0.24309935229945695
0.24309935229945695
0.24309935229945695
0.24309935229945695
0.24309935229945695
0.24309935229945695
0.24309935229945695
0.24309935229945695
0.24309935229945695
0.24309935229945695
0.24309935229945695
0.24309935229945695
0.24309935229945695
0.24309935229945695
0.24309935229945695
0.24309935229945695
0.24309935229945695
0.24309935229945695
0.24309935229945695
0.24309935229945695
0.24309935229945695
0.24309935229945695
0.24309935229945695
0.24309935229945695
0.24309935229945695
0.24309935229945695
0.24309935229945695
0.24309935229945695
0.24309935229945695
0.24309935229945695
0.24309935229945695
0.24309935229945695
0.24309935229945695
0.24309935229945695
0.24309935229945695
0.24309935229945695
0.24309935229945695
0.24309935229945695
0.24309935229945695
0.24309935229945695
0.24309935229945695
0.24309935229945695
0.24309935229945695
0.24309935229945695
0.24309935229945695
0.24309935229945695
0.24309935229945695
0.24309935229945695
0.24309935229945695
0.24309935229945695
0.24309935229945695
0.24309935229945695
0.24309935229945695
0.24309935229945695
0.24309935229945695
0.24309935229945695
0.24309935229945695
0.24309935229945695
0.24309935229945695
0.24309935229945695
0.24309935229945695
0.24309935229945695
0.24309935229945695
0.24309935229945695
0.24309935229945695
0.24309935229945695
0.24309935229945695
0.24309935229945695
0.24309935229945695
0.24309935229945695
0.24309935229945695
0.24309935229945695
0.24309935229945695
0.24309935229945695
0.24309935229945695
0.24309935229945695
0.24309935229945695
0.24309935229945695
0.24309935229945695
0.24309935229945695
0.24309935229945695
0.24309935229945695
0.24309935229945695
0.24309935229945695
0.24309935229945695
0.24309935229945695
0.24309935229945695
0.24309935229945695
0.24309935229945695
0.24309935229945695
0.24309935229945695
0.24309935229945695
0.24309935229945695
0.24309935229945695
0.24309935229945695
0.24309935229945695
0.24309935229945695
0.24309935229945695
0.24309935229945695
0.24309935229945695
0.24309935229945695
0.24309935229945695
0.24309935229945695
0.24309935229945695
0.24309935229945695
0.24309935229945695
0.24309935229945695
0.24309935229945695
0.24309935229945695
0.24309935229945695
0.24309935229945695
0.24309935229945695
0.24309935229945695
0.24309935229945695
0.24309935229945695
0.24309935229945695
0.24309935229945695
0.24309935229945695
0.24309935229945695
0.24309935229945695
0.24309935229945695
0.24309935229945695
0.24309935229945695
0.24309935229945695
0.24309935229945695
0.24309935229945695
0.24309935229945695
0.24309935229945695
0.24309935229945695
0.24309935229945695
0.24309935229945695
0.24309935229945695
0.24309935229945695
0.24309935229945695
0.24309935229945695
0.24309935229945695
0.24309935229945695
0.24309935229945695
0.24309935229945695
0.24309935229945695
0.24309935229945695
0.24309935229945695
0.24309935229945695
0.24309935229945695
0.24309935229945695
0.24309935229945695
0.24309935229945695
0.24309935229945695
0.24309935229945695
0.24309935229945695
0.24309935229945695
0.24309935229945695
0.24309935229945695
0.24309935229945695
0.24309935229945695
0.24309935229945695
0.24309935229945695
0.24309935229945695
0.24309935229945695
0.24309935229945695
0.24309935229945695
0.24309935229945695
0.24309935229945695
0.24309935229945695
0.24309935229945695
0.24309935229945695
0.24309935229945695
0.24309935229945695
0.24309935229945695
0.24309935229945695
0.24309935229945695
0.24309935229945695
0.24309935229945695
0.24309935229945695
0.24309935229945695
0.24309935229945695
0.24309935229945695
0.24309935229945695
0.24309935229945695
0.24309935229945695
0.24309935229945695
0.24309935229945695
0.24309935229945695
0.24309935229945695
0.24309935229945695
0.24309935229945695
0.24309935229945695
0.24309935229945695
0.24309935229945695
0.24309935229945695
0.24309935229945695
0.24309935229945695
0.24309935229945695
0.24309935229945695
0.24309935229945695
0.24309935229945695
0.24309935229945695
0.24309935229945695
0.24309935229945695
0.24309935229945695
0.24309935229945695
0.24309935229945695
0.24309935229945695
0.24309935229945695
0.24309935229945695
0.24309935229945695
0.24309935229945695
0.24309935229945695
0.24309935229945695
0.24309935229945695
0.24309935229945695
0.24309935229945695
0.24309935229945695
0.24309935229945695
0.24309935229945695
0.24309935229945695
0.24309935229945695
0.24309935229945695
0.24309935229945695
0.24309935229945695
0.24309935229945695
0.24309935229945695
0.24309935229945695
0.24309935229945695
0.24309935229945695
0.24309935229945695
0.24309935229945695
0.24309935229945695
0.24309935229945695
0.24309935229945695
0.24309935229945695
0.24309935229945695
0.24309935229945695
0.24309935229945695
0.24309935229945695
0.24309935229945695
0.24309935229945695
0.24309935229945695
0.24309935229945695
0.24309935229945695
0.24309935229945695
0.24309935229945695
0.24309935229945695
0.24309935229945695
0.24309935229945695
0.24309935229945695
0.24309935229945695
0.24309935229945695
0.24309935229945695
0.24309935229945695
0.24309935229945695
0.24309935229945695
0.24309935229945695
0.24309935229945695
0.24309935229945695
0.24309935229945695
0.24309935229945695
0.24309935229945695
0.24309935229945695
0.24309935229945695
0.24309935229945695
0.24309935229945695
0.24309935229945695
0.24309935229945695
0.24309935229945695
0.24309935229945695
0.24309935229945695
0.24309935229945695
0.24309935229945695
0.24309935229945695
0.24309935229945695
0.24309935229945695
0.24309935229945695
0.24309935229945695
0.24309935229945695
0.24309935229945695
0.24309935229945695
0.24309935229945695
0.24309935229945695
0.24309935229945695
0.24309935229945695
0.24309935229945695
0.24309935229945695
0.24309935229945695
0.24309935229945695
0.24309935229945695
0.24309935229945695
0.24309935229945695
0.24309935229945695
0.24309935229945695
0.24309935229945695
0.24309935229945695
0.24309935229945695
0.24309935229945695
0.24309935229945695
0.24309935229945695
0.24309935229945695
0.24309935229945695
0.24309935229945695
0.24309935229945695
0.24309935229945695
0.24309935229945695
0.24309935229945695
0.24309935229945695
0.24309935229945695
0.24309935229945695
0.24309935229945695
0.24309935229945695
0.24309935229945695
0.24309935229945695
0.24309935229945695
0.24309935229945695
0.24309935229945695
0.24309935229945695
0.24309935229945695
0.24309935229945695
0.24309935229945695
0.24309935229945695
0.24309935229945695
0.24309935229945695
0.24309935229945695
0.24309935229945695
0.24309935229945695
0.24309935229945695
0.24309935229945695
0.24309935229945695
0.24309935229945695
0.24309935229945695
0.24309935229945695
0.24309935229945695
0.24309935229945695
0.24309935229945695
0.24309935229945695
0.24309935229945695
0.24309935229945695
0.24309935229945695
0.24309935229945695
0.24309935229945695
0.24309935229945695
0.24309935229945695
0.24309935229945695
0.24309935229945695
0.24309935229945695
0.24309935229945695
0.24309935229945695
0.24309935229945695
12.94372605980326
12.94372605980326
12.94372605980326
12.94372605980326
12.94372605980326
10.111851832183062
10.111851832183062
10.111851832183062
0.535995708778402
0.535995708778402
0.535995708778402
0.535995708778402
0.535995708778402
0.535995708778402
0.535995708778402
0.535995708778402
0.535995708778402
0.535995708778402
0.535995708778402
0.535995708778402
0.535995708778402
0.535995708778402
0.535995708778402
0.535995708778402
0.535995708778402
0.535995708778402
0.535995708778402
0.535995708778402
0.535995708778402
0.535995708778402
0.535995708778402
0.535995708778402
0.535995708778402
0.535995708778402
0.535995708778402
0.535995708778402
0.535995708778402
0.535995708778402
0.535995708778402
0.535995708778402
0.535995708778402
0.535995708778402
0.535995708778402
0.535995708778402
0.535995708778402
0.535995708778402
0.535995708778402
0.535995708778402
0.535995708778402
0.535995708778402
0.535995708778402
0.535995708778402
0.535995708778402
0.535995708778402
0.535995708778402
0.535995708778402
0.535995708778402
0.535995708778402
0.535995708778402
0.535995708778402
0.535995708778402
0.535995708778402
0.535995708778402
0.535995708778402
0.535995708778402
0.535995708778402
0.535995708778402
0.535995708778402
0.535995708778402
0.535995708778402
0.535995708778402
0.535995708778402
0.535995708778402
0.535995708778402
0.535995708778402
0.535995708778402
0.535995708778402
0.535995708778402
0.535995708778402
0.535995708778402
0.535995708778402
0.535995708778402
0.535995708778402
0.535995708778402
0.535995708778402
0.535995708778402
0.535995708778402
0.535995708778402
0.535995708778402
0.535995708778402
0.535995708778402
0.535995708778402
0.535995708778402
0.535995708778402
0.535995708778402
0.535995708778402
0.535995708778402
0.535995708778402
0.535995708778402
0.535995708778402
0.535995708778402
0.535995708778402
0.535995708778402
0.535995708778402
0.535995708778402
0.535995708778402
0.535995708778402
0.535995708778402
0.535995708778402
0.535995708778402
0.535995708778402
0.535995708778402
0.535995708778402
0.535995708778402
0.535995708778402
0.535995708778402
0.535995708778402
0.535995708778402
0.535995708778402
0.535995708778402
0.535995708778402
0.535995708778402
0.535995708778402
0.535995708778402
0.535995708778402
0.535995708778402
0.535995708778402
0.535995708778402
0.535995708778402
0.535995708778402
0.535995708778402
0.535995708778402
0.535995708778402
0.535995708778402
0.535995708778402
0.535995708778402
0.535995708778402
0.535995708778402
0.535995708778402
0.535995708778402
0.535995708778402
0.535995708778402
0.535995708778402
0.535995708778402
0.535995708778402
0.535995708778402
0.535995708778402
0.535995708778402
0.535995708778402
0.535995708778402
0.535995708778402
0.535995708778402
0.535995708778402
0.535995708778402
0.535995708778402
0.535995708778402
0.535995708778402
1.675943511824647
1.675943511824647
1.675943511824647
1.675943511824647
1.675943511824647
1.675943511824647
1.675943511824647
1.675943511824647
1.675943511824647
1.675943511824647
1.675943511824647
1.675943511824647
1.675943511824647
1.675943511824647
1.675943511824647
1.675943511824647
1.675943511824647
1.675943511824647
1.675943511824647
1.675943511824647
1.675943511824647
1.675943511824647
1.675943511824647
1.675943511824647
1.675943511824647
1.675943511824647
1.675943511824647
1.675943511824647
1.675943511824647
1.675943511824647
1.675943511824647
1.675943511824647
1.675943511824647
1.675943511824647
1.675943511824647
1.675943511824647
1.675943511824647
1.675943511824647
1.675943511824647
1.675943511824647
1.675943511824647
1.675943511824647
1.675943511824647
1.675943511824647
1.675943511824647
1.675943511824647
1.675943511824647
1.675943511824647
1.675943511824647
1.675943511824647
1.675943511824647
1.309274654947152
1.309274654947152
1.309274654947152
1.309274654947152
1.309274654947152
1.309274654947152
1.309274654947152
1.309274654947152
1.309274654947152
1.309274654947152
1.309274654947152
1.309274654947152
1.309274654947152
1.309274654947152
1.309274654947152
1.309274654947152
1.309274654947152
1.309274654947152
1.309274654947152
1.309274654947152
1.309274654947152
1.309274654947152
1.309274654947152
1.309274654947152
1.309274654947152
1.309274654947152
1.309274654947152
1.309274654947152
1.309274654947152
1.309274654947152
1.309274654947152
1.309274654947152
1.309274654947152
1.309274654947152
1.309274654947152
1.309274654947152
1.309274654947152
1.309274654947152
1.309274654947152
1.309274654947152
1.309274654947152
1.309274654947152
1.309274654947152
1.309274654947152
1.309274654947152
1.309274654947152
1.309274654947152
1.309274654947152
1.309274654947152
1.309274654947152
1.309274654947152
1.309274654947152
1.309274654947152
1.309274654947152
1.309274654947152
1.309274654947152
1.309274654947152
